tag_robot_mapping:
  created_unix_time: 1777971128.977
  camera_frame_units: m
  robot_frame_units: mm
  mean_calibration_error_mm: 214.00338781
  max_calibration_error_mm: 376.12230714
  correspondences:
    - tag_id: 16
      robot_saved_reading_index: 0
      camera_xyz_m: [0.08173328, 0.12867831, 0.48065519]
      robot_xyz_mm: [53.86880500, -355.66052200, 182.68490600]
    - tag_id: 17
      robot_saved_reading_index: 1
      camera_xyz_m: [0.16545640, 0.01424360, 0.66936467]
      robot_xyz_mm: [47.09763700, -173.95874000, 175.60565200]
    - tag_id: 18
      robot_saved_reading_index: 2
      camera_xyz_m: [-0.21001148, -0.03981116, 0.83051536]
      robot_xyz_mm: [-283.01510600, -193.80304000, 179.51124600]
    - tag_id: 19
      robot_saved_reading_index: 3
      camera_xyz_m: [0.00022241, 0.00386465, 0.00482221]
      robot_xyz_mm: [-245.37525900, -371.09149200, 175.78346300]
  transform_camera_to_robot:
    rotation_matrix:
      - [0.897737546069, 0.363887100319, 0.248301181228]
      - [-0.196772460585, -0.173059823897, 0.965054866890]
      - [0.394141975858, -0.915224822420, -0.083759341523]
    translation_mm: [-248.22335450, -746.15502260, 240.76072229]
