lite6_end_effector:
  created_unix_time: 1777968584.900
  frame: base
  position_units: mm
  angle_units: deg
  pose:
    samples: 4
    x: -106.85598075
    y: -273.62844850
    z: 178.39631675
    roll: -178.40798475
    pitch: -0.34235650
    yaw: -87.81404700
    std_x: 157.91912568
    std_y: 90.18654634
    std_z: 2.92616983
    std_roll: 0.57794543
    std_pitch: 3.08053076
    std_yaw: 3.71831571
  saved_readings:
    0:
      x: 53.86880500
      y: -355.66052200
      z: 182.68490600
      roll: -178.55502000
      pitch: 0.39826300
      yaw: -90.81570100
    1:
      x: 47.09763700
      y: -173.95874000
      z: 175.60565200
      roll: -177.43230900
      pitch: -2.08688400
      yaw: -83.51461500
    2:
      x: -283.01510600
      y: -193.80304000
      z: 179.51124600
      roll: -178.92028100
      pitch: 4.27438000
      yaw: -84.79099300
    3:
      x: -245.37525900
      y: -371.09149200
      z: 175.78346300
      roll: -178.72432900
      pitch: -3.95518500
      yaw: -92.13487900
