camera_matrix:
   rows: 3
   cols: 3
   dt: d
   data: [ 626.97791814713764, 0., 349.36898046060833, 0.,
       621.11911059567001, 248.50907670821357, 0., 0., 1. ]
dist_coeffs:
   rows: 1
   cols: 5
   dt: d
   data: [ -0.13943275095927418, 4.9982007098752561,
       -0.0090204296753666775, 0.021161607760026145, -27.838266355307546 ]
